And;CC;DSCT;34604.9580;0.0786828;0;0.730;42.282;9.18;9.46;0.1
And;GP;DSCT;33861.4380;0.1249078;0;0.922;23.164;10.4;11;0.1
And;GSC 2290-1195;DSCT;54410.5480;0.0779984;0;1.156;36.038;13.6;13.8;0.1
And;GSC 2843-1999;DSCT;54406.4485;0.0620940;0;2.461;43.245;13.5;13.9;0.1
And;OV;RRAB;51169.3449;0.4705790;56592.2999999998;0.346;40.828;11;10.4;0.1
And;V460;DSCT;51455.1140;0.0749808;0;2.571;42.241;13.2;13.8;0.1
And;V524;DSCT;51505.7030;0.0944918;0;1.096;44.584;12.3;12.7;0.1
And;V544;DSCT;51469.9480;0.1069400;0;1.741;37.982;13;13.5;0.1
And;XX;RRAB;54705.5136;0.7227579;56608.5;1.291;38.951;11.13;10.08;0.006
Aql;AA;RRAB;50336.3812;0.3617878;56181.3999999999;20.638;-2.890;12.34;11;0.003
Aql;GSC 1061-1651;DSCT;52383.1720;0.1369370;0;19.732;9.841;12.3;12.6;0.1
Aql;GSC 1076-0158;DSCT;52383.0530;0.0868640;0;20.137;10.847;11.9;12.3;0.1
Aql;NSVS 14243430;DSCT;52206.7140;0.0860760;0;20.193;7.851;13;13.5;0.1
Aql;V341;RRAB;50717.4235;0.5780225;56584.3999999999;20.542;0.585;11.39;10.13;0.003
Aqr;CY;SXPHE;34308.4314;0.0610383;0;22.630;1.535;11.3;11.8;0.1
Aqr;HH;RRAB;51429.5050;0.5744360;53991.3999999999;22.692;-6.478;13.1;11.1;0.1
Aqr;SW;RRAB;25097.3771;0.4593032;55806.3999999999;21.255;0.076;11.68;10.37;0.002
Aqr;SX;RRAB;50711.4230;0.5357094;56870.5;21.602;3.231;12.19;11.05;0.004
Ari;GSC 1220-1131;DSCT;52625.8170;0.0813430;0;2.275;21.297;10.8;11.1;0.1
Ari;RV;DSCT;35017.5124;0.0931283;0;2.252;18.074;11.85;12.26;0.1
Ari;X;RRAB;50752.4650;0.6511687;55940.2999999998;3.142;10.446;9.95;8.97;0.004
Aur;GSC 3755-0845;DSCT;54201.2930;0.0760977;0;6.084;55.164;10.4;10.7;0.1
Aur;TZ;RRAB;47579.3430;0.3916749;56638.3999999999;7.193;40.777;12.45;11.08;0.002
Boo;CM;RRAB;54978.4230;0.6090684;55654.5;14.268;20.061;12.4;11.6;0.003
Boo;CQ;RRC;50948.5528;0.2818815;55351.5;14.901;15.630;12;11.5;0.1
Boo;CS;RRAB;50926.4879;0.5533859;55705.5;14.101;24.571;13.3;12;0.1
Boo;GSC 2566-1398;DSCT;53896.4560;0.0907090;0;15.373;32.979;11.9;12.3;0.1
Boo;GSC 3489-0868;DSCT;51311.7220;0.0866493;0;15.694;51.990;13.4;13.7;0.1
Boo;RS;RRAB;53163.4877;0.3773390;56764.3999999999;14.559;31.755;10.84;9.69;0.003
Boo;UY;RRAB;56804.5360;0.6509171;55311.5;13.980;12.952;11.35;10.25;0.004
Boo;V336;SXPHE;51388.9510;0.1128920;0;15.744;46.323;12.4;12.7;0.1
Boo;YZ;DSCT;42146.3546;0.1040916;0;15.402;36.867;10.3;10.8;0.1
Cam;GSC 4556-1113;DSCT;53813.3310;0.0863430;0;12.055;80.562;11.5;11.9;0.1
Cam;V367;DSCT;51553.7000;0.1215960;0;4.682;53.635;10.7;11;0.1
Cam;V376;DSCT;54823.4142;0.1403237;0;4.956;79.350;11.8;12.2;0.1
Cep;GSC 4464-0924;DSCT;51342.9060;0.0806305;0;20.876;70.911;12.4;12.7;0.1
Cep;GSC 4500-0083;DSCT;55108.9761;0.0850695;0;0.164;80.361;13.7;14;0.1
Cep;RZ;RRC;54338.5221;0.3086268;56541.5;22.654;64.859;9.75;9.11;0.004
Cep;V792;DSCT;53651.1358;0.1334114;0;1.134;84.790;13.7;14.1;0.1
Cet;RV;RRAB;39113.3630;0.6234108;52982.3999999999;2.254;-10.800;11.22;10.35;0.005
CMi;AD;DSCT;48683.4590;0.1229744;0;7.880;1.597;9.2;9.5;0.1
CMi;GSC 0191-1230;DSCT;52396.5450;0.0474180;0;7.633;5.869;12.8;13.2;0.1
Cnc;AQ;RRAB;51661.3607;0.5485162;56726.3999999999;9.294;12.651;12;11.1;0.003
Cnc;RW;RRAB;53746.4805;0.5472025;56754.3999999999;9.318;29.066;12.6;10.7;0.003
Cnc;TT;RRAB;54915.3160;0.5634540;55621.2999999998;8.549;13.191;11.78;10.72;0.004
Cnc;VZ;DSCT;39897.4246;0.1783637;0;8.681;9.824;7.2;7.9;0.1
Com;GSC 1442-1358;DSCT;52638.0710;0.0821120;0;12.228;17.244;11.9;12.2;0.1
Com;S;RRAB;53796.5250;0.5865890;55675.3999999999;12.546;27.029;12.13;10.89;0.003
Com;ST;RRAB;48642.9990;0.5989273;56776.3999999999;13.298;20.781;11.84;10.91;0.005
CrB;RV;RRC;53544.4797;0.3316464;56814.6000000001;16.324;29.713;11.7;11.14;0.005
Crt;W;RRAB;48500.1283;0.4120135;53467.3999999999;11.442;-17.914;12.08;10.74;0.002
CVn;GSC 3031-0307;DSCT;54225.4400;0.0998920;0;13.501;43.504;14.3;14.6;0.1
CVn;RZ;RRAB;50152.4670;0.5674180;56814.5;13.751;32.655;11.92;10.88;0.004
Cyg;GSC 2696-1396;DSCT;55378.4410;0.1030760;0;20.979;34.113;12.8;13;0.1
Cyg;GSC 3934-1904;DSCT;53924.4030;0.1092685;0;19.666;52.587;10.9;11.2;0.1
Cyg;UY;RRAB;54352.4614;0.5607063;56490.3999999999;20.941;30.428;11.46;10.59;0.005
Cyg;V2367;DSCT;52570.0240;0.1766440;0;19.579;45.904;11.1;11.5;0.1
Cyg;V2455;DSCT;52885.3990;0.0942060;0;21.474;46.675;8.5;9;0.1
Cyg;XX;SXPHE;44455.3945;0.1348651;0;20.054;58.955;11.3;12.1;0.1
Cyg;XZ;RRAB;48570.5800;0.4665993;56486.3999999999;19.541;56.388;10.16;8.9;0.1
Del;DX;RRAB;39367.3200;0.4726190;56504.5;20.791;12.464;10.26;9.52;0.004
Dra;BK;RRAB;53521.5032;0.5920801;56498.5;19.306;66.413;11.87;10.59;0.003
Dra;DD;RRC;51352.4984;0.3267934;56485.5;18.735;60.770;12;11.2;0.1
Dra;GSC 3863-0740;DSCT;53795.4230;0.1977020;0;14.694;56.438;11.4;11.7;0.1
Dra;GSC 4237-0482;DSCT;51519.6410;0.0922723;0;20.353;62.049;12.4;12.7;0.1
Dra;GSC 4552-1498;DSCT;53321.5350;0.0558110;0;11.407;77.704;12.9;13.4;0.1
Dra;LW;DSCT;51697.6040;0.1181533;0;19.107;68.484;11.1;11.4;0.1
Dra;RW;RRAB;39377.3910;0.4429220;56863.5;16.592;57.840;12.08;11.05;0.1
Dra;SU;RRAB;54584.3921;0.6604247;56737.3999999999;11.632;67.330;10.27;9.18;0.004
Dra;SW;RRAB;54162.3980;0.5696719;56754.3999999999;12.296;69.511;10.94;9.94;0.004
Eri;SV;RRAB;47176.8650;0.7138770;53730.3999999999;3.198;-11.354;10.23;9.56;0.009
Gem;GSC 0753-1489;DSCT;52387.6260;0.0932510;0;7.081;10.457;12.2;12.6;0.1
Gem;GSC 1924-1134;DSCT;55837.6023;0.0885350;0;7.744;29.206;12.6;13;0.1
Gem;RR;RRAB;41357.8200;0.3972916;56727.3999999999;7.359;30.883;11.99;10.62;0.002
Gem;SZ;RRAB;48500.3256;0.5011336;56712.3999999999;7.895;19.273;12.25;10.98;0.003
Her;AR;RRAB;54683.4366;0.4699876;56875.5;16.009;46.924;11.63;10.59;0.004
Her;DY;DSCT;50975.4428;0.1486312;0;16.522;11.998;10.7;0;0.1
Her;GSC 2043-1201;DSCT;52701.1050;0.0779343;0;16.445;23.495;11.9;12.2;0.1
Her;GSC 2080-0986;DSCT;52707.1530;0.0991960;0;17.617;25.536;13.3;13.6;0.1
Her;GSC 2108-1564;DSCT;52729.0940;0.0981180;0;18.796;23.220;11.4;11.7;0.1
Her;TW;RRAB;54704.4397;0.3995998;56157.3999999999;17.909;30.411;11.83;10.52;0.002
Her;V1086;DSCT;52451.0770;0.1305970;0;16.811;30.463;13.4;13.7;0.1
Her;V1116;DSCT;51391.9640;0.0946830;0;16.505;16.918;11.5;11.8;0.1
Her;V1139;DSCT;51486.3100;0.0685870;0;15.841;45.964;12.7;13;0.1
Her;V1209;DSCT;54138.9690;0.0512964;0;16.685;40.708;13.8;14.5;0.1
Her;VX;RRAB;54608.4004;0.4553593;56816.3999999999;16.511;18.367;11.21;9.89;0.003
Her;VZ;RRAB;54542.5433;0.4403299;56801.3999999999;17.218;35.979;12.04;10.72;0.002
Hya;ET;RRAB;39500.5040;0.6855245;52320.5;8.585;-8.836;12;10.9;0.003
Hya;SZ;RRAB;48500.0230;0.5372240;54509.3999999999;9.230;-9.319;11.84;10.44;0.003
Hya;WZ;RRAB;54194.5970;0.5377147;54912.3999999999;10.223;-13.138;11.28;10.27;0.004
Lac;DE;DSCT;42659.8190;0.2536934;0;22.169;40.920;10.08;10.43;0.1
Lac;KZ;DSCT;54075.5780;0.1044160;0;22.313;50.530;14.5;15.2;0.1
Leo;GSC 4923-0693;DSCT;51871.0520;0.0665490;0;11.422;0.787;13;13.7;0.1
Leo;SS;RRAB;54099.6692;0.6263330;56002.5;11.565;-0.033;11.56;10.38;0.003
Leo;ST;RRAB;39260.4219;0.4779840;55672.5;11.642;10.562;12.02;10.74;0.003
Lep;U;RRAB;41352.3800;0.5814764;54145.3999999999;4.938;-21.217;11.11;9.84;0.003
Lib;EH;DSCT;33438.6082;0.0884132;0;14.982;0.948;9.5;10;0.1
Lyn;AN;DSCT;44291.1252;0.0982747;0;9.241;42.777;10.58;10.79;0.1
Lyn;BE;DSCT;46951.4173;0.0958694;0;9.305;46.153;8.6;9;0.1
Lyn;BO;DSCT;47933.8007;0.0933576;0;8.717;40.995;11.82;12.08;0.1
Lyn;GSC 2977-0238;DSCT;54207.3430;0.0759339;0;8.322;41.983;10.6;11;0.1
Lyn;SZ;DSCT;38124.3982;0.1205349;0;8.160;44.472;9.1;9.7;0.1
Lyr;CN;RRAB;36079.3242;0.4113828;56532.3999999999;18.688;28.723;11.76;11.07;0.004
Lyr;EZ;RRAB;53614.3852;0.5252660;56817.3999999999;18.795;35.991;11.8;10.8;0.002
Lyr;IO;RRAB;36276.2305;0.5771219;56475.5;18.377;32.959;12.24;11.27;0.004
Lyr;RR;RRAB;55934.3910;0.5668640;56183.3999999999;19.424;42.784;8.12;7.06;0.004
Lyr;RZ;RRAB;56880.5431;0.5112424;56487.3999999999;18.727;32.798;12.03;10.6;0.003
Lyr;V593;DSCT;52422.3100;0.1021410;0;18.535;40.599;12.4;13;0.1
Oph;GSC 0429-2098;DSCT;52160.0290;0.1463220;0;17.879;7.011;10.8;11.2;0.1
Oph;ST;RRAB;51327.4860;0.4503553;55428.3999999999;17.567;-1.081;12.74;11.33;0.002
Oph;V567;DSCT;50638.4803;0.1495236;0;17.974;1.101;11.07;11.43;0.1
Ori;GSC 0144-3031;DSCT;54196.5270;0.0580806;0;6.255;6.070;9.93;10.36;0.1
Ori;V1162;DSCT;49992.8348;0.0786917;0;5.534;-6.743;9.78;9.97;0.1
Ori;V337;DSCT;52622.1960;0.2012600;0;5.989;20.034;11.3;11.6;0.1
Peg;BH;RRAB;50799.2400;0.6409874;56549.5;22.884;15.788;10.79;9.99;0.005
Peg;BP;DSCT;48500.0880;0.1095443;0;21.554;22.740;11.69;12.28;0.1
Peg;CG;RRAB;54702.4272;0.4671357;56155.3999999999;21.688;24.773;11.58;10.64;0.003
Peg;DH;RRC;52898.5037;0.2555108;56252.2999999998;22.257;6.823;9.8;9.15;0.004
Peg;DY;SXPHE;44502.0704;0.0729263;0;23.148;17.216;10;10.6;0.1
Peg;V465;DSCT;51323.9130;0.1077213;0;21.864;17.746;13.3;13.5;0.1
Peg;V536;DSCT;52885.4384;0.0645574;0;22.665;13.437;12.7;13.1;0.1
Peg;VV;RRAB;54720.4107;0.4883898;56211.5;22.218;18.451;12.31;11.13;0.003
Per;GSC 2847-0586;DSCT;55882.2786;0.1413000;0;3.069;38.515;10.9;11.1;0.1
Per;GSC 2861-0970;DSCT;53987.6950;0.1101054;0;3.379;39.110;12.2;12.6;0.1
Psc;DW;DSCT;52219.3647;0.0596481;0;1.508;8.693;13.7;14.4;0.1
Psc;GSC 0612-0771;DSCT;51921.7500;0.0627840;0;1.105;8.770;11.2;11.5;0.1
Psc;GSC 0628-0348;DSCT;52625.8420;0.1466430;0;1.758;12.907;8.9;9.3;0.1
Psc;GSC 1750-1237;DSCT;55824.4952;0.0869775;0;1.173;27.321;12.9;13.2;0.1
Psc;RU;RRC;40143.4027;0.3903850;53254.6000000001;1.241;24.416;10.4;9.93;0.008
Psc;RY;RRAB;50027.4208;0.5297438;52617.3999999999;0.195;-1.749;12.72;11.82;0.003
Psc;SS;RRC;50068.2707;0.2877883;55481.2999999998;1.348;21.729;11.21;10.73;0.005
Ser;AN;RRAB;34265.2461;0.5220713;55812.5;15.892;12.961;11.44;10.4;0.004
Ser;BH;RRAB;56814.4413;0.4345590;56110.5;15.250;19.443;13.5;11.9;0.002
Ser;CW;DSCT;51325.4373;0.1891517;0;15.886;6.091;11.7;12.1;0.1
Ser;GSC 0933-0651;DSCT;52383.9520;0.1055040;0;15.601;11.116;12.5;13;0.1
Ser;GSC 5018-1085;DSCT;51931.0800;0.0689910;0;15.771;0.435;12.1;12.6;0.1
Ser;VY;RRAB;54612.6772;0.7140965;53179.5;15.517;1.684;10.46;9.73;0.006
Sex;T;RRC;48500.0359;0.3246992;56728.5;9.891;2.057;10.32;9.81;0.006
Sge;GSC 1594-2234;DSCT;52713.2450;0.1366837;0;19.123;19.023;10.5;10.8;0.1
Sge;GSC 1621-1643;DSCT;52725.2390;0.1146650;0;20.114;17.724;11.6;11.9;0.1
Tau;GSC 1306-0466;DSCT;52621.9410;0.0866010;0;5.664;20.019;11.8;12.2;0.1
Tri;UX;RRAB;53662.3578;0.4669286;56682.5;1.760;31.381;13;11.5;0.009
UMa;AE;SXPHE;50862.3854;0.0860170;0;9.615;44.067;10.86;11.52;0.1
UMa;GSC 3004-0870;DSCT;55601.4482;0.0821588;0;10.360;40.528;13.8;14.3;0.1
UMa;GSC 3428-1497;DSCT;55571.5826;0.0748447;0;9.351;49.098;9.3;9.8;0.1
UMa;GSC 3832-0152;DSCT;53489.2900;0.0913422;0;11.812;54.717;11.7;12.1;0.1
UMa;GSC 3851-0240;DSCT;55661.3514;0.0679460;0;13.758;54.447;12.7;13;0.1
UMa;GW;DSCT;51999.9227;0.2031939;0;10.736;44.679;9.5;10;0.1
UMa;RV;RRAB;51262.3946;0.4680664;56750.5;13.555;53.988;11.3;9.81;0.004
UMa;TU;RRAB;41805.3100;0.5576600;56744.5;11.497;30.067;10.24;9.26;0.004
UMi;GSC 4417-0394;DSCT;54835.1820;0.1322445;0;15.378;74.255;12.5;13;0.1
UMi;YZ;DSCT;51511.6010;0.0966113;0;15.592;85.628;12.2;12.5;0.1
Vir;AV;RRAB;50953.4381;0.6569101;53484.5;13.337;9.188;12.16;11.42;0.005
Vir;GSC 0321-0314;DSCT;52106.7010;0.0782440;0;14.412;4.647;12.9;13.5;0.1
Vir;ST;RRAB;48500.0310;0.4108110;55623.5;14.461;-0.902;12.08;10.84;0.002
Vul;BN;RRAB;53653.3935;0.5941328;56538.5;19.466;24.347;11.4;10.63;0.005
