And;SY;PRI;52530.4000;34.9089;0;0.221;43.711;12.2;10.7;0.06
And;TW;ALL;52501.8660;4.12275;54338.5;0.055;32.846;11.04;8.98;0.13
And;CD;ALL;52522.6000;68.8873;53074;1.441;44.357;10.4;9.9;0.06
Aqr;CD;PRI;52501.4834;4.8378259;56918.4;21.333;-4.109;11.7;10.8;0.12
Aqr;LL;ALL;52515.7272;20.178316;56208.4;22.578;-3.599;9.86;9.23;0.1
Aql;V889;PRI;52510.3111;11.120643;53155.3;19.314;16.25;9.1;8.52;0.03
Aql;V889;SEC;52514.2540;11.12064;0;19.314;16.25;0;0;0.1
Aql;V1353;ALL;52500.2484;1.4148052;56834.5;19.406;16.045;11.4;10.5;0.1
Aql;V1426;ALL;52501.1094;1.1751576;56179.4;19.203;4.395;9.75;9.3;0.1
Aql;V1430;ALL;52500.4089;0.8737207;55689.5;19.363;4.549;11;10.2;0.1
Ari;RS;ALL;52507.4300;8.80313;54831.5;2.771;27.878;12.1;10.7;0.099
Ari;AL;PRI;52503.1350;3.74746;54845.3;2.71;12.736;9.77;9.23;0.067
Aur;CQ;ALL;52503.2000;10.6226;56003.4;6.065;31.328;9.37;9.04;0.14
Aur;IY;PRI;52502.0955;2.7933772;56689.4;5.808;43.083;10.1;9.4;0.1
Aur;V432;ALL;52502.0997;3.081748;56713.3;5.626;37.087;8.41;8.1;0.1
Aur;epsil;PRI;35629.0000;9892;55603.1;5.033;43.823;3.83;2.92;0.08
Aur;zeta;PRI;52968.7000;972.13;0;5.041;41.076;3.97;3.7;0.04
Boo;AC;ALL;52500.2960;0.352449;56782.6;14.941;46.362;10.62;10;0.1
Cam;SS;ALL;52502.3023;4.8228658;53240;7.274;73.333;10.62;10.05;0.2
Cam;SV;ALL;52500.1150;0.5930714;56356.3;6.689;82.267;9.11;8.4;0.169
Cam;AK;ALL;52500.1817;2.2268171;56734.5;8.64;76.924;10.9;10.3;0.11
Cam;AN;PRI;52503.5000;20.99845;56887.6;4.099;76.887;11.2;10.4;0.07
Cam;AN;SEC;52519.8152;20.998546;0;4.099;76.887;0;0;0.1
Cam;AT;ALL;52501.3020;1.3958937;56713.4;5.621;67.043;10.6;9.8;0.1
Cnc;S;PRI;52501.6671;9.4844859;55963.5;8.732;19.034;10.25;8.29;0.08
Cnc;RU;PRI;52508.2900;10.172931;53769.7;8.625;23.562;11.25;10.1;0.08
Cnc;RZ;ALL;52508.9600;21.64308;53807.5;8.652;31.796;10.03;8.67;0.15
Cnc;TU;PRI;52500.6270;5.56146;55648.4;8.871;9.089;12.4;9.9;0.09
Cnc;TW;PRI;52516.7400;70.7602;53790.3;8.494;12.456;8.97;8.5;0.03
Cnc;UU;ALL;52573.4000;96.668;53443.3;8.042;15.178;9.35;8.68;0.1
Cnc;ZZ;PRI;52518.4900;51.1892;53798.1;7.952;10.985;10.9;9.4;0.04
CVn;RS;ALL;52500.4250;4.797689;56012.4;13.177;35.935;9.14;7.93;0.11
CMa;R;ALL;52501.1350;1.1359536;55970.3;7.325;-16.395;6.34;5.7;0.15
CMi;AM;ALL;52500.8990;1.0191998;55980.4;7.838;1.955;10.7;10;0.1
Cas;RX;ALL;52518.4000;32.338;55040.8;3.129;67.578;9.49;8.64;0.1
Cas;RZ;PRI;52500.5720;1.1952524;55058.4;2.815;69.634;7.72;6.18;0.171
Cas;SX;ALL;52502.1000;36.5656;51387.5;0.178;54.891;9.83;8.96;0.1
Cas;TV;PRI;52501.7287;1.8125906;56924.4;0.322;59.139;8.22;7.22;0.179
Cas;TW;PRI;52500.8290;1.428334;56924.4;2.765;65.726;8.98;8.32;0.16
Cas;TX;ALL;52500.8180;2.926858;55480.4;2.871;62.783;9.8;9.16;0.1
Cas;AQ;ALL;52502.6800;11.72114;55808;1.32;62.397;11;10.06;0.18
Cas;BM;PRI;52602.5000;197.31;51811.1;0.913;64.085;9.31;8.78;0.1
Cas;DN;ALL;52501.9300;2.310951;56682.4;2.387;60.831;10.24;9.81;0.15
Cas;GG;PRI;52500.2122;3.7586669;56905.4;1.27;56.329;10.24;9.94;0.13
Cas;GU;PRI;52502.9910;3.0933141;55599.4;0.274;56.346;12;11.1;0.1
Cas;IL;PRI;52501.7420;3.451728;56916.5;1.513;60.101;11.5;10.6;0.11
Cas;IT;PRI;52500.8070;3.8966488;55873.6;23.7;51.744;11.9;11.1;0.05
Cas;IT;SEC;52502.9537;3.8966503;0;23.7;51.744;0;0;0.1
Cas;OX;PRI;52501.5280;2.489383;56916.4;1.15;61.471;10.35;9.9;0.151
Cas;OX;SEC;52502.8690;2.489317;0;1.15;61.471;0;0;0.1
Cas;PV;PRI;52501.6669;1.7504684;56908.5;23.167;59.202;10.36;9.71;0.119
Cas;PV;SEC;52502.5688;1.7504732;0;23.167;59.202;0;0;0.1
Cas;V368;ALL;52504.5250;4.451647;55883.3;3.21;59.92;9.2;8.45;0.12
Cas;V375;ALL;52501.2060;1.473434;56907.5;23.953;63.006;10.9;10.1;0.1
Cas;V381;PRI;52500.7730;1.7459598;56907.6;0.548;49.328;10.8;10.2;0.129
Cas;V381;SEC;52501.7060;1.7459241;0;0.548;49.328;0;0;0.1
Cas;V459;PRI;52506.4645;8.458258;56219.6;1.192;61.147;11.6;10.9;0.04
Cas;V459;SEC;52510.6276;8.458263;0;1.192;61.147;0;0;0.1
Cep;VW;ALL;52500.0350;0.2783093;56814.5;20.623;75.6;7.68;7.23;0.1
Cep;XX;PRI;52501.5140;2.3373532;56907.4;23.639;64.334;10.32;9.2;0.141
Cep;XY;PRI;52500.5289;2.774511;55774.4;23.876;68.934;10.9;10.05;0.12
Cep;ZZ;PRI;52501.3133;2.1417975;56928.4;22.751;68.133;9.55;8.6;0.121
Cep;AI;ALL;52502.1880;4.225318;56877.5;21.773;56.917;9.86;9.18;0.1
Cep;CW;PRI;52501.5220;2.729162;56644.4;23.067;63.397;8.04;7.6;0.13
Cep;CW;SEC;52502.9010;2.729115;0;23.067;63.397;0;0;0.1
Cep;EI;ALL;52500.7760;8.439348;51783.4;21.475;76.404;8.06;7.54;0.06
Cep;EX;PRI;52510.6600;13.43449;52873.3;2.067;78.556;11.8;11.4;0.051
Cep;NN;ALL;52501.8660;2.0583066;56898.4;23.035;62.512;8.58;8.2;0.119
Cet;TU;PRI;52501.0200;4.391281;54033.6;2.989;3.276;11.8;10.8;0.14
Cet;TV;PRI;52500.3207;9.1032907;54835.3;3.243;2.754;9.1;8.7;0.03
Cet;TV;SEC;52504.8124;9.103291;0;3.243;2.754;0;0;0.1
Cet;XY;ALL;52501.7540;2.780711;55563.3;2.993;3.518;9.54;8.65;0.1
CrB;U;PRI;52502.5250;3.45222;55654.4;15.303;31.647;8.79;7.66;0.14
Cyg;Y;PRI;52501.7200;2.996226;56590.4;20.868;34.658;7.9;7.3;0.1
Cyg;Y;SEC;52503.2090;2.99645;0;20.868;34.658;0;0;0.1
Cyg;BO;ALL;52500.5230;1.756232;56932.3;21.821;41.138;12.5;11.8;0.18
Cyg;BR;ALL;52501.1393;1.3325638;56499.5;19.682;46.785;10.6;9.4;0.191
Cyg;CI;PRI;11902.0000;855.25;0;19.837;35.684;13.1;9.9;0.16
Cyg;EM;PRI;52500.1713;0.2909091;55836.4;19.644;30.508;14.4;11.9;0.1
Cyg;V367;ALL;52510.7700;18.59778;53645.3;20.8;39.288;7.6;6.67;0.1
Cyg;V463;ALL;52500.9710;2.1175687;56886.5;19.704;31.301;11.15;10.55;0.201
Cyg;V477;PRI;52502.2940;2.346979;56929.4;20.091;31.972;9.34;8.5;0.069
Cyg;V477;SEC;52502.9940;2.34698;0;20.091;31.972;0;0;0.1
Cyg;V541;PRI;52505.1410;15.337879;56929.5;19.708;31.328;10.9;10.2;0.02
Cyg;V541;SEC;52512.1598;15.3379079;0;19.708;31.328;0;0;0.1
Cyg;V548;ALL;52500.6270;1.8052361;56811.5;19.95;54.799;9.29;8.54;0.201
Cyg;V788;PRI;26620.5400;23.92435;0;20.459;31.857;10.9;10;0.08
Cyg;V891;PRI;52501.6142;1.9057864;56812.5;19.561;29.273;9.9;9.3;0.199
Cyg;V909;ALL;52501.9831;2.805375;56495.4;19.598;28.279;9.84;9.3;0.07
Cyg;V1061;PRI;52501.6053;2.3466939;56886.8;21.122;52.049;9.9;9.4;0.069
Cyg;V1918;ALL;52500.2640;0.413177;56450.4;19.436;52.447;11.12;10.59;0.1
Dra;TZ;ALL;52500.6480;0.8660283;56891.4;18.37;47.569;10.5;9.6;0.202
Dra;AI;PRI;52500.9410;1.1988169;56812.5;16.938;52.698;8.09;7.05;0.181
Dra;BF;PRI;52500.7263;11.211002;55034.4;18.85;69.883;10.8;10.1;0.03
Dra;BF;SEC;52506.1492;11.210989;0;18.85;69.883;0;0;0.1
Dra;BU;ALL;52503.3954;3.8283692;56783.5;14.978;56.752;11.4;10.4;0.035
Dra;EX;ALL;52500.2073;0.2099374;56541.5;18.071;67.903;17.2;13.5;0.1
Dra;GV;PRI;52501.7479;23.854267;56008.3;17.891;52.386;8.7;8.59;0.1
Equ;S;PRI;52503.0790;3.436091;56540.5;20.954;5.08;10.08;8;0.13
Gem;U;PRI;52500.0104;0.1769063;56639.4;7.918;22.001;14.9;8.2;0.1
Gem;RY;ALL;52502.1800;9.30043;55943.3;7.457;15.66;11.04;8.69;0.1
Gem;SV;PRI;18662.4880;4.0061216;0;6.011;24.474;12;10.55;0.15
Gem;WW;ALL;52500.6750;1.237807;56725.3;6.202;23.501;10.5;9.9;0.1
Gem;YY;ALL;52500.4573;0.814283;55627.3;7.577;31.869;9.6;8.91;0.072
Gem;OW;PRI;15779.0000;1258.59;56053.5;6.528;17.082;10.9;9;0.1
Gem;V339;PRI;48361.2800;2.88032;55628.3;7.314;29.101;9.31;8.94;0.1
Her;TX;ALL;52501.1067;2.0598073;56886.4;17.31;41.888;9.31;8.54;0.081
Her;UX;PRI;52501.5262;1.5488691;56810.5;17.902;16.944;10.21;9.05;0.151
Her;AK;ALL;52500.2709;0.4215229;56809.5;17.233;16.35;8.77;8.29;0.1
Her;AW;PRI;52500.2600;8.800797;56812.7;18.427;18.294;11;9.65;0.07
Her;DI;PRI;52509.2110;10.550165;56887.5;18.891;24.278;9.11;8.39;0.04
Her;DI;SEC;52517.3312;10.5501758;0;18.891;24.278;0;0;0.1
Her;GU;ALL;52503.5950;4.343304;56058.6;16.535;30.386;12.3;11.5;0.153
Her;LV;PRI;52509.1623;18.435954;54297.4;17.592;23.175;11.3;10.9;0.026
Her;LV;SEC;52525.0650;18.43591;0;17.592;23.175;0;0;0.1
Her;MM;ALL;52500.7840;7.960309;56783.4;17.977;22.146;10.43;9.45;0.05
Hya;AI;PRI;52502.9300;8.289649;55963.4;8.313;0.284;9.94;9.35;0.1
Hya;AI;SEC;52506.6100;8.28968;0;8.313;0.284;0;0;0.1
Lac;RW;PRI;52502.5240;10.369297;56489.4;22.749;49.658;11;10.4;0.04
Lac;RW;SEC;52507.6350;10.36931;0;22.749;49.658;0;0;0.1
Lac;SW;ALL;52500.1080;0.3207227;56905.6;22.895;37.939;9.33;8.51;0.1
Lac;UW;PRI;52503.2460;5.290121;55095.4;22.344;42.408;12.5;11.4;0.12
Lac;CO;PRI;52500.8509;1.5422155;56834.5;22.775;56.826;10.89;10.28;0.13
Lac;CO;SEC;52501.6573;1.5421989;0;22.775;56.826;0;0;0.1
Lac;V345;PRI;52501.5050;7.491865;56187.5;22.312;54.676;11.7;11.1;0.1
Lac;V345;SEC;52504.1269;7.491901;0;22.312;54.676;0;0;0.1
Lac;V364;PRI;52505.7490;7.351554;56159.5;22.871;38.746;9.25;8.51;0.06
Lac;V364;SEC;49995.3093;7.351498;0;22.871;38.746;0;0;0.1
Leo;WY;PRI;52504.5300;4.985903;56727.5;9.517;16.657;11.7;11.1;0.1
Leo;AG;ALL;52502.5320;3.392572;54507.5;9.892;16.035;11.2;10.7;0.099
Leo;AM;ALL;52500.1462;0.3657984;56723.7;11.036;9.895;9.83;9.25;0.1
Leo;FM;ALL;52502.5460;6.728618;56001.4;11.213;0.348;8.86;8.54;0.1
Lyn;TY;PRI;52503.7950;4.331651;56744.5;8.306;46.269;10.8;10;0.1
Lyn;CD;ALL;52502.7620;4.5494455;56706.4;7.718;48.686;10.37;9.83;0.1
Lyr;UZ;ALL;52501.3620;1.891267;56830.5;19.352;37.937;11;9.8;0.15
Lyr;beta;ALL;52510.3700;12.9408;55823.2;18.835;33.363;4.35;3.25;0.1
Mon;UX;ALL;52500.7900;5.904483;55618.4;7.988;-7.505;9.16;8.22;0.17
Mon;VV;ALL;52502.7184;6.050427;52690.3;7.055;-5.738;9.95;9.4;0.11
Mon;AQ;ALL;52501.4310;2.5455514;55622.3;7.238;-7.229;11.3;10.5;0.061
Mon;AR;ALL;52522.5200;21.2078;0;7.347;-5.26;9.47;8.62;0.08
Mon;AT;PRI;52501.8590;2.0290221;54500.4;7.408;-7.558;11.4;10.5;0.119
Mon;AV;ALL;52504.5590;6.947316;52997.8;7.471;-4.614;11.7;10.8;0.1
Mon;EZ;ALL;52500.6730;0.7523376;55970.5;7.09;-5.177;13.4;12.9;0.177
Mon;IL;PRI;52501.2000;4.026304;54514.4;7.927;-3.582;11.6;10.6;0.07
Mon;V448;ALL;52500.8684;1.1184767;54847.4;6.796;1.372;9.9;9.4;0.1
Mon;V530;ALL;52500.5410;0.5255307;55941.5;7.054;3.248;12.8;12.4;0.1
Mon;V536;PRI;52500.3133;6.1339631;54150.4;7.232;-2.908;10.1;9.1;0.1
Mon;V536;SEC;52502.8200;6.133987;0;7.232;2.908;0;0;0.1
Mon;V634;PRI;52500.7500;2.114107;55851.6;7.286;-1.739;12.4;12;0.1
Oph;RZ;PRI;52681.1800;261.925;45610.6;18.763;7.22;10.42;9.65;0.04
Ori;Z;PRI;52502.7610;5.203287;54516.4;5.931;13.695;10.7;9.8;0.12
Ori;BM;PRI;52501.1300;6.470533;53031.7;5.588;-5.385;8.65;7.9;0.1
Ori;CP;PRI;52501.5300;5.320475;54507.3;6.117;17.699;12.2;11.1;0.12
Ori;DN;PRI;52511.3500;12.96638;54845.3;6.008;10.218;11.1;9.8;0.08
Ori;EW;PRI;52502.1174;6.9368424;56650.3;5.336;2.044;10.6;9.9;0.03
Ori;EW;SEC;52505.7968;6.9368448;0;5.336;2.044;0;0;0.1
Ori;FO;PRI;52501.2220;18.800537;52689.3;5.469;3.623;10.3;9.5;0.02
Ori;FT;PRI;52501.1632;3.1504198;55941.4;6.233;21.428;9.9;9.1;0.07
Ori;FT;SEC;52503.3600;3.150372;0;6.233;21.428;0;0;0.1
Ori;GG;PRI;52505.6900;6.631484;55175.4;5.72;-0.688;11.1;10.7;0.05
Ori;GG;SEC;52509.5219;6.631495;0;5.72;-0.688;0;0;0.1
Ori;V536;PRI;52501.1100;3.16326;53671.5;5.415;1.969;11;10.4;0.08
Ori;V1016;PRI;52501.5400;65.433;55969.4;5.588;-5.387;7.65;6.72;0.01
Ori;V1031;ALL;52500.3030;3.405565;54516.4;5.791;-10.533;6.43;6.02;0.01
Peg;U;ALL;52500.1180;0.3747768;55859.2;23.966;15.953;10.07;9.23;0.1
Peg;VW;PRI;52520.7355;21.071766;55386.5;22.94;33.229;10.6;9.9;0.007
Peg;VW;SEC;52526.4547;21.071751;0;22.94;33.229;0;0;0.1
Peg;AW;ALL;52505.0437;10.622595;55479.4;21.872;24.012;8.61;7.4;0.1
Peg;BK;ALL;52501.6706;5.4899117;55817.6;23.786;26.567;10.47;9.97;0.06
Peg;DF;PRI;52511.1130;14.69882;55083.4;21.912;14.558;10.9;9.1;0.04
Peg;GH;ALL;52500.1110;2.556137;56891.6;21.848;15.274;9.28;8.8;0.099
Peg;IP;ALL;52500.0744;0.1582059;56644.3;23.386;18.417;18.6;12;0.1
Per;RW;PRI;52500.1930;13.198929;54506.4;4.338;42.314;11.36;9.68;0.08
Per;RY;ALL;52500.2210;6.863571;54504.4;2.762;48.144;10.25;8.5;0.13
Per;AG;PRI;52500.6970;2.028749;56654.5;4.116;33.446;7;6.69;0.119
Per;AG;SEC;52501.7570;2.0287165;0;4.116;33.446;0;0;0.1
Per;AY;PRI;52507.2640;11.77656;55498.5;3.174;50.932;10.6;9.8;0.06
Per;IQ;PRI;52500.8247;1.7435672;56706.3;3.996;48.151;8.27;7.72;0.119
Per;IQ;SEC;52501.6464;1.7435555;0;3.996;48.151;0;0;0.1
Per;KN;PRI;52500.2630;0.8664701;56567.5;3.377;41.332;11.8;11.2;0.25
Per;LX;ALL;52506.1470;8.038184;56187.6;3.223;48.109;8.93;8.1;0.07
Per;beta;PRI;52500.1560;2.867357;55499.4;3.136;40.956;3.39;2.12;0.14
Sge;SY;ALL;52502.8130;3.539254;56891.5;19.915;18.234;11.2;10.5;0.129
Ser;EG;ALL;52509.5600;9.94727;45541.5;18.434;-1.681;9.2;8.44;0.025
Ser;LX;PRI;52500.1432;0.1584325;53510.5;15.633;18.868;17.4;13.3;0.121
Tau;RW;PRI;52500.8950;2.768783;56723.3;4.065;28.126;11.59;7.98;0.14
Tau;CD;ALL;52501.9250;3.435144;56713.4;5.292;20.132;7.34;6.77;0.08
Tau;EN;ALL;52500.0651;2.4780576;55627.4;5.945;25.238;12.1;11.4;0.04
Tau;V1094;PRI;52506.1303;8.988542;56272.3;4.201;21.948;9.43;8.95;0.1
Tau;V1094;SEC;52511.9916;8.988551;0;4.201;21.948;0;0;0.1
Tri;X;ALL;52500.7324;0.9715286;55071.4;2.009;27.889;11.27;8.55;0.18
Tri;RU;PRI;52503.1900;3.268569;54830.4;2.006;35.287;12.3;11.6;0.18
UMa;W;ALL;52500.1790;0.3336337;56714.6;9.729;55.953;8.48;7.75;0.1
UMa;RW;ALL;52506.6700;7.32821;56009.5;11.68;51.998;11.72;10.16;0.08
UMa;TX;PRI;52500.1860;3.063265;56727.5;10.756;45.566;8.76;7.06;0.12
UMi;W;PRI;52500.3960;1.7011374;56734.5;16.141;86.2;9.59;8.51;0.23
Vir;AG;ALL;52500.2860;0.6426492;56002.4;12.018;13.008;8.93;8.35;0.1
Vir;AH;ALL;52500.3165;0.4075329;56407.5;12.239;11.819;9.49;8.89;0.1
Vir;CG;ALL;52500.2214;0.935272;56427.4;15.082;4.401;11.2;10.56;0.1
Vul;Z;ALL;52502.0747;2.4549322;56864.5;19.361;25.575;8.9;7.25;0.18
Vul;RR;PRI;52500.7030;5.050673;56864.5;20.913;27.918;11.4;10;0.09
Vul;DR;PRI;52500.5880;2.250771;56886.4;20.23;26.751;9.27;8.65;0.15
Vul;DR;SEC;52501.6910;2.250865;0;20.23;26.751;0;0;0.1
Vul;EV;ALL;52501.2660;2.822109;55790.5;19.861;23.888;12.2;11.5;0.1
